####FarthestInsertion######
burma14.tsp  11,9,10,1,2,14,3,4,5,6,12,7,13,8
ulysses16.tsp  1,3,2,4,16,12,7,6,10,9,11,5,15,14,13,8
ulysses22.tsp  1,3,2,17,4,18,22,16,12,13,14,6,7,20,21,19,10,9,11,5,15,8
berlin52.tsp  32,49,1,23,21,17,42,7,2,30,29,20,50,16,44,34,35,36,39,40,37,38,15,6,5,24,48,46,47,26,28,27,13,14,52,11,51,12,25,4,33,43,10,9,8,41,19,45,3,18,31,22

####Algoritmo2approssimato####
burma14.tsp  5,6,12,7,13,8,1,2,11,9,10,14,3,4
ulysses16.tsp  6,7,12,13,14,15,5,16,1,8,4,2,3,10,9,11
ulysses22.tsp  6,7,12,13,14,15,5,16,1,8,22,17,2,3,4,18,20,21,19,10,9,11
berlin.tsp  33,43,15,5,24,48,46,38,40,37,39,36,35,34,44,16,50,20,23,30,29,49,32,45,19,41,8,10,9,1,22,31,18,3,17,21,42,7,2,6,4,25,12,28,27,26,47,13,14,52,51,11